Orion 1 2 3 4 5 6 7 9 10 11 12 13 14 15 16 17 18 19 27 28 35 36 37 38 39 40 41 42 43 58 59 60 61 62 63 64 65 66 67 68 -1 0
Mallory 7 8 9 19 20 21 22 23 24 25 26 27 28 29 31 32 33 34 43 44 45 46 47 48 49 50 51 52 53 54 55 56 57 58 63 -1 0
Narrator 1 2 3 5 6 7 8 9 10 11 12 13 14 15 16 17 18 19 20 22 25 26 27 28 29 34 35 36 37 38 39 41 42 43 48 51 52 55 56 57 58 59 60 61 63 64 65 66 67 68 -1 0
Narrator_Seen 7 25 41 42 48 51 58 60 61 65 66 67 -1 0
Quinn 6 7 8 9 19 20 21 22 23 24 25 26 27 28 29 31 32 33 34 43 44 45 46 47 48 49 50 51 52 53 54 55 56 57 58 63 -1 0
Crow 12 13 16 17 18 19 27 28 29 31 32 33 34 44 50 60 61 62 -1 0
Shark 14 15 16 19 35 43 58 59 60 61 62 -1 0
Lykoi 4 10 13 19 24 32 46 50 51 62 -1 0
Lioness 1 2 3 5 6 7 9 10 11 12 13 16 17 18 19 35 36 38 39 40 41 42 43 -1 0
Bear 1 2 3 4 5 6 9 10 11 12 13 14 15 16 18 19 39 40 41 42 -1 0
Sparrow 19 39 40 41 42 43 -1 0
Opossum 11 17 18 19 25 26 27 50 -1 0
Bat 19 25 26 27 50 -1 0
Duck 19 25 26 27 50 -1 0
MockingBird 25 26 27 28 35 50 -1 0
Orca 14 15 16 17 18 19 37 -1 0
BlueJay 9 10 11 12 13 19 20 21 30 31 32 34 46 47 51 55 57 58 60 63 -1 0
Raccoon 34 51 63 -1 0
Collie 11 19 20 29 30 31 41 48 51 61 -1 0
Badger 51 63 -1 0
Cuttlefish 51 -1 0
Hyena 14 15 16 35 36 37 38 39 40 41 42 43 58 59 60 61 62 -1 0
Bunny 5 14 16 17 18 19 35 -1 0
Dodger 22 23 24 46 47 51 -1 0
Rigel 11 12 35 39 40 60 61 62 66 67 -1 0
Betelgeuse 11 14 35 38 41 42 64 65 66 67 68 -1 0
Andromeda 64 65 66 67 -1 0
Erinyes 42 55 56 -1 0
Karis 45 46 47 50 55 57 63 -1 0
Bianca 54 55 56 57 63 -1 0
Witch_Kid 53 54 -1 0
Grimen 42 50 51 54 66 67 -1 0
Grim 42 50 51 63 64 66 -1 0
Grunts 51 -1 0
Enca 19 30 31 -1 0
Alba 19 29 30 31 51 -1 0
Aries 31 32 33 34 44 -1 0
Apis 30 31 -1 0
Lacerta 31 -1 0
Noctua 31 -1 0
Cancer 31 -1 0
Lilium 31 48 51 -1 0
Quinn's_Wife 26 46 47 -1 0
Hoatzin 21 22 47 -1 0
Vulture 21 22 47 -1 0
Lynx 22 47 -1 0
Mares 46 50 51 -1 0
Werewolves 8 13 19 28 33 46 50 51 -1 0
Nebulae 30 31 32 33 34 44 48 51 -1 0
Signal_Crows 6 25 31 47 48 -1 0
Magic_Lore 11 15 17 39 40 50 51 58 59 -1 0
Ori's_Magic 11 12 38 39 40 41 59 60 65 68 -1 0
Timelines 7 25 61 -1 0
Aberration_Spree_Current 8 9 11 21 26 32 46 47 48 49 56 63 -1 0
Aberration_Spree_Past 8 9 44 47 66 -1 0
Mallory's_Past 9 21 22 25 32 44 46 47 48 55 57 58 63 -1 0
Gifts 7 8 10 11 15 16 18 24 29 37 38 39 40 47 54 56 57 58 61 -1 0
Important_Blood_Things 11 30 38 66 -1 0
Amulet 64 65 66 67 -1 0
Gems 3 7 11 12 15 17 18 26 31 50 51 54 61 -1 0
Non-Ori_White_On_Black 7 10 11 16 17 30 32 33 39 49 51 57 62 64 65 -1 0
Curfew 24 63 -1 0
Misc._Info 7 24 29 30 33 47 49 62 63 -1 0
Visual_Distortions 20 21 22 29 31 47 49 51 56 57 61 62 63 65 66 67 -1 -1